name: tensorflow
channels:
- anaconda
- conda-forge
- defaults
dependencies:
- django=2.1.1=py35_0
- keras=2.2.0=0
- keras-applications=1.0.2=py35_0
- keras-base=2.2.0=py35_0
- keras-preprocessing=1.0.1=py35_0
- pip=9.0.1=py35h7e7da9d_4
- absl-py=0.5.0=py_0
- astor=0.7.1=py_0
- backports.functools_lru_cache=1.4=py35_1
- c-ares=1.14.0=h470a237_0
- dbus=1.13.0=h3a4f0e9_0
- expat=2.2.5=hfc679d8_2
- freetype=2.9.1=h6debe1e_4
- gast=0.2.0=py_0
- gettext=0.19.7=1
- grpcio=1.14.1=py35hd60e7a3_0
- gst-plugins-base=1.12.5=hde13a9d_0
- jpeg=9c=h470a237_1
- kiwisolver=1.0.1=py35h2d50403_2
- libiconv=1.14=4
- libprotobuf=3.6.0=hd28b015_0
- libxcb=1.12=1
- matplotlib=3.0.0=py35h0b34cb6_1
- mkl_fft=1.0.6=py35_0
- mkl_random=1.0.1=py35_0
- mock=2.0.0=py35_0
- pbr=4.2.0=py_0
- pcre=8.39=0
- pillow=5.3.0=py35hc736899_0
- protobuf=3.6.0=py35hfc679d8_0
- pyparsing=2.2.0=py35_0
- pyqt=5.6.0=py35h8210e8a_7
- python-dateutil=2.6.1=py35_0
- pytz=2017.3=py_1
- qt=5.6.2=hf70d934_9
- sip=4.18=py35_1
- sqlite=3.25.2=hb1c47c0_0
- tensorflow=1.3.0=py35_0
- termcolor=1.1.0=py_2
- tk=8.6.8=ha92aebf_0
- tornado=4.5.2=py35_0
- xorg-libxau=1.0.8=3
- xorg-libxdmcp=1.1.2=3
- backports=1.0=py35hd471ac7_1
- backports.weakref=1.0rc1=py35_0
- blas=1.0=mkl
- bleach=1.5.0=py35_0
- ca-certificates=2017.08.26=h1d4fec5_0
- certifi=2017.7.27.1=py35h19f42a1_0
- cudatoolkit=8.0=3
- cudnn=6.0.21=cuda8.0_0
- cycler=0.10.0=py35hc4d5149_0
- fontconfig=2.13.0=h9420a91_0
- glib=2.53.6=h5d9569c_2
- gstreamer=1.12.4=hb53b477_0
- h5py=2.7.0=py35h41d5d6e_1
- hdf5=1.10.1=hb0523eb_0
- html5lib=0.9999999=py35_0
- icu=58.2=h9c2bf20_1
- intel-openmp=2018.0.0=h15fc484_7
- libedit=3.1.20170329=h6b74fdf_2
- libffi=3.2.1=h4deb6c0_3
- libgcc=7.2.0=h69d50b8_2
- libgcc-ng=8.2.0=hdf63c60_1
- libgfortran-ng=7.2.0=h9f7466a_2
- libpng=1.6.34=hb9fc6fc_0
- libstdcxx-ng=8.2.0=hdf63c60_1
- libtiff=4.0.9=he85c1e1_1
- libuuid=1.0.3=h1bed415_2
- libxml2=2.9.8=h26e45fe_1
- markdown=2.6.9=py35_0
- mkl=2019.0=118
- ncurses=6.1=hf484d3e_0
- numpy=1.15.2=py35h1d66e8a_0
- numpy-base=1.15.2=py35h81de0dd_0
- olefile=0.46=py35_0
- openssl=1.0.2p=h14c3975_0
- pandas=0.20.3=py35hd2a53da_2
- python=3.5.4=h417fded_24
- pyyaml=3.12=py35h46ef4ae_1
- readline=7.0=ha6073c6_4
- scipy=0.19.1=py35ha8f041b_3
- setuptools=36.5.0=py35ha8c1747_0
- six=1.11.0=py35h423b573_1
- tensorflow-base=1.3.0=py35h79a3156_1
- tensorflow-gpu=1.2.1=py35cuda8.0cudnn6.0_0
- tensorflow-gpu-base=1.3.0=py35cuda8.0cudnn6.0_1
- tensorflow-tensorboard=0.1.5=py35_0
- werkzeug=0.12.2=py35hbfc1ea6_0
- wheel=0.29.0=py35h601ca99_1
- xz=5.2.4=h14c3975_4
- yaml=0.1.7=h96e3832_1
- zlib=1.2.11=hfbfcf68_1
prefix: /home/zyy/.conda/envs/tensorflow

